15.734534219665761
12.07650836045872
15.734534219665761
14.385381140952656
16.36681420132403
18.68028214651094
13.66
16.36681420132403
14.385381140952656
12.07650836045872
13.66
15.734534219665761
15.734534219665761
18.68028214651094
18.68028214651094
12.07650836045872
18.13
14.385381140952656
13.66
18.68028214651094
16.975208518879516
16.36681420132403
19.2146038714232
16.36681420132403
16.975208518879516
18.68028214651094
17.562235557547154
16.36681420132403
17.562235557547154
18.13
16.36681420132403
16.975208518879516
15.075312812888637
19.73427827762681
16.36681420132403
18.13
18.13
19.73427827762681
16.975208518879516
16.975208518879516
12.07650836045872
10.24522385942406
15.075312812888637
12.07650836045872
11.199219150240804
12.07650836045872
10.24522385942406
15.734534219665761
13.66
14.385381140952656
14.385381140952656
12.89306924761547
15.734534219665761
14.385381140952656
9.19
13.66
12.89306924761547
14.385381140952656
12.07650836045872
15.734534219665761
7.992267109832881
6.571534623807735
9.19
4.72
6.571534623807735
0.25
12.07650836045872
6.571534623807735
10.24522385942406
12.89306924761547
12.89306924761547
13.66
13.66
10.24522385942406
12.07650836045872
11.199219150240804
9.19
9.19
12.89306924761547
6.571534623807735
18.45676472290063
19.749596515680324
18.45676472290063
19.497978277067894
18.98460634
18.187019963059754
17.634978921916897
18.722570968733983
18.98460634
17.91315624783265
18.722570968733983
19.497978277067894
18.45676472290063
17.91315624783265
18.98460634
18.722570968733983
17.35227749732883
18.722570968733983
19.497978277067894
19.497978277067894
17.91315624783265
18.45676472290063
18.45676472290063
18.722570968733983
17.634978921916897
18.187019963059754
18.45676472290063
18.187019963059754
17.634978921916897
17.35227749732883
16.77236976211133
17.634978921916897
17.634978921916897
17.064823789614493
18.45676472290063
17.91315624783265
18.722570968733983
18.98460634
17.35227749732883
18.98460634
17.634978921916897
17.91315624783265
17.634978921916897
18.45676472290063
16.474645020341004
17.634978921916897
18.187019963059754
18.45676472290063
17.634978921916897
17.634978921916897
17.91315624783265
18.187019963059754
17.35227749732883
16.171353884523185
16.77236976211133
18.187019963059754
16.77236976211133
16.77236976211133
16.474645020341004
16.474645020341004
12.89306924761547
7.992267109832881
12.07650836045872
10.24522385942406
12.89306924761547
9.19
12.89306924761547
13.66
12.07650836045872
13.66
10.24522385942406
12.89306924761547
7.992267109832881
15.734534219665761
16.36681420132403
14.385381140952656
15.734534219665761
15.734534219665761
16.36681420132403
12.07650836045872
12.07650836045872
4.72
13.66
13.66
15.734534219665761
13.66
15.734534219665761
15.734534219665761
12.89306924761547
12.07650836045872
13.66
15.075312812888637
14.385381140952656
12.07650836045872
11.199219150240804
12.07650836045872
12.89306924761547
15.075312812888637
13.66
12.07650836045872
13.66
15.075312812888637
12.89306924761547
15.734534219665761
15.075312812888637
13.66
14.385381140952656
14.385381140952656
14.385381140952656
14.385381140952656
15.734534219665761
16.36681420132403
12.89306924761547
12.89306924761547
14.385381140952656
13.66
14.385381140952656
11.199219150240804
15.734534219665761
16.975208518879516
15.734534219665761
16.36681420132403
14.385381140952656
15.734534219665761
14.385381140952656
18.68028214651094
14.385381140952656
13.66
18.13
18.13
18.13
16.36681420132403
16.975208518879516
13.66
13.66
17.562235557547154
16.975208518879516
16.36681420132403
14.385381140952656
12.89306924761547
18.45676472290063
18.187019963059754
19.497978277067894
17.35227749732883
19.749596515680324
19.749596515680324
17.35227749732883
18.187019963059754
18.45676472290063
17.634978921916897
18.45676472290063
17.634978921916897
19.497978277067894
18.45676472290063
17.91315624783265
19.243026910806577
17.91315624783265
18.98460634
18.722570968733983
17.634978921916897
7.992267109832881
7.992267109832881
7.992267109832881
9.19
11.199219150240804
12.89306924761547
9.19
6.571534623807735
13.66
6.571534623807735
6.571534623807735
12.07650836045872
10.24522385942406
4.72
7.992267109832881
9.19
10.24522385942406
11.199219150240804
11.199219150240804
10.24522385942406
16.975208518879516
16.975208518879516
18.68028214651094
19.73427827762681
17.562235557547154
19.73427827762681
19.2146038714232
18.68028214651094
17.562235557547154
15.734534219665761
15.075312812888637
19.73427827762681
16.36681420132403
18.68028214651094
18.68028214651094
15.075312812888637
16.975208518879516
18.68028214651094
18.13
18.68028214651094
18.722570968733983
19.749596515680324
19.497978277067894
19.497978277067894
17.35227749732883
18.722570968733983
18.98460634
19.497978277067894
18.187019963059754
19.497978277067894
18.45676472290063
18.45676472290063
18.45676472290063
19.243026910806577
17.91315624783265
19.749596515680324
19.99800903367696
17.91315624783265
18.45676472290063
17.634978921916897
16.975208518879516
18.13
19.2146038714232
17.562235557547154
15.075312812888637
15.734534219665761
16.36681420132403
14.385381140952656
18.68028214651094
18.68028214651094
19.73427827762681
18.68028214651094
15.075312812888637
19.2146038714232
16.36681420132403
16.975208518879516
18.13
17.562235557547154
18.13
12.89306924761547
17.91315624783265
18.45676472290063
18.722570968733983
19.243026910806577
17.064823789614493
17.91315624783265
17.91315624783265
17.634978921916897
18.45676472290063
18.722570968733983
19.497978277067894
18.45676472290063
17.064823789614493
18.722570968733983
16.77236976211133
18.722570968733983
18.98460634
19.497978277067894
18.187019963059754
18.722570968733983
17.634978921916897
18.187019963059754
17.35227749732883
19.243026910806577
16.77236976211133
16.77236976211133
16.77236976211133
16.474645020341004
16.77236976211133
16.474645020341004
18.98460634
17.91315624783265
18.187019963059754
18.722570968733983
17.064823789614493
18.187019963059754
17.35227749732883
18.98460634
18.45676472290063
17.91315624783265
6.571534623807735
9.19
6.571534623807735
6.571534623807735
12.07650836045872
9.19
9.19
9.19
12.07650836045872
10.24522385942406
9.19
9.19
4.72
9.19
7.992267109832881
7.992267109832881
9.19
7.992267109832881
7.992267109832881
10.24522385942406
10.24522385942406
13.66
9.19
4.72
12.07650836045872
15.075312812888637
11.199219150240804
7.992267109832881
4.72
10.24522385942406
11.199219150240804
9.19
12.07650836045872
11.199219150240804
11.199219150240804
12.89306924761547
7.992267109832881
9.19
9.19
10.24522385942406
15.075312812888637
17.562235557547154
11.199219150240804
16.975208518879516
15.734534219665761
11.199219150240804
13.66
14.385381140952656
16.36681420132403
14.385381140952656
11.199219150240804
16.975208518879516
14.385381140952656
18.13
15.734534219665761
13.66
17.562235557547154
15.734534219665761
15.075312812888637
16.36681420132403
11.199219150240804
9.19
12.89306924761547
11.199219150240804
14.385381140952656
12.89306924761547
12.07650836045872
12.89306924761547
14.385381140952656
15.075312812888637
12.89306924761547
13.66
14.385381140952656
12.07650836045872
7.992267109832881
10.24522385942406
7.992267109832881
12.07650836045872
13.66
12.89306924761547
15.075312812888637
16.36681420132403
12.89306924761547
15.734534219665761
14.385381140952656
14.385381140952656
15.734534219665761
12.89306924761547
18.68028214651094
15.075312812888637
12.07650836045872
16.36681420132403
12.89306924761547
16.975208518879516
16.36681420132403
11.199219150240804
13.66
18.13
12.89306924761547
13.66
16.975208518879516
16.36681420132403
18.68028214651094
16.36681420132403
14.385381140952656
18.68028214651094
18.68028214651094
18.68028214651094
13.66
19.73427827762681
14.385381140952656
16.975208518879516
17.562235557547154
18.13
19.2146038714232
17.562235557547154
16.975208518879516
17.562235557547154
15.075312812888637
19.73427827762681
12.07650836045872
12.89306924761547
12.89306924761547
13.66
14.385381140952656
10.24522385942406
13.66
11.199219150240804
15.734534219665761
13.66
15.075312812888637
10.24522385942406
13.66
15.075312812888637
16.36681420132403
12.89306924761547
14.385381140952656
15.075312812888637
11.199219150240804
6.571534623807735
18.45676472290063
17.634978921916897
17.35227749732883
19.749596515680324
18.187019963059754
17.91315624783265
18.187019963059754
19.749596515680324
19.497978277067894
17.064823789614493
17.91315624783265
18.98460634
18.722570968733983
18.187019963059754
18.187019963059754
17.91315624783265
18.187019963059754
17.35227749732883
17.634978921916897
17.35227749732883
12.07650836045872
13.66
13.66
15.075312812888637
13.66
16.36681420132403
12.89306924761547
12.07650836045872
14.385381140952656
13.66
15.075312812888637
13.66
15.075312812888637
10.24522385942406
12.07650836045872
15.075312812888637
12.07650836045872
15.075312812888637
13.66
12.89306924761547
12.07650836045872
15.075312812888637
15.734534219665761
12.07650836045872
10.24522385942406
15.075312812888637
14.385381140952656
14.385381140952656
12.89306924761547
12.89306924761547
7.992267109832881
9.19
12.07650836045872
14.385381140952656
10.24522385942406
10.24522385942406
14.385381140952656
14.385381140952656
14.385381140952656
11.199219150240804
7.992267109832881
9.19
6.571534623807735
12.89306924761547
12.89306924761547
11.199219150240804
12.89306924761547
7.992267109832881
9.19
10.24522385942406
7.992267109832881
11.199219150240804
10.24522385942406
12.89306924761547
10.24522385942406
9.19
10.24522385942406
9.19
12.07650836045872
12.07650836045872
12.07650836045872
12.89306924761547
9.19
7.992267109832881
10.24522385942406
11.199219150240804
9.19
15.734534219665761
12.07650836045872
6.571534623807735
12.07650836045872
12.89306924761547
6.571534623807735
11.199219150240804
15.075312812888637
9.19
12.07650836045872
11.199219150240804
12.07650836045872
9.19
12.07650836045872
13.66
12.07650836045872
12.89306924761547
14.385381140952656
11.199219150240804
13.66
10.24522385942406
12.89306924761547
6.571534623807735
10.24522385942406
12.89306924761547
11.199219150240804
12.07650836045872
13.66
11.199219150240804
10.24522385942406
12.89306924761547
13.66
10.24522385942406
16.36681420132403
19.2146038714232
18.13
17.562235557547154
15.075312812888637
15.734534219665761
14.385381140952656
13.66
16.36681420132403
16.36681420132403
16.36681420132403
18.13
17.562235557547154
16.36681420132403
13.66
15.734534219665761
13.66
16.36681420132403
17.562235557547154
15.734534219665761
17.634978921916897
17.064823789614493
17.35227749732883
18.45676472290063
17.91315624783265
17.91315624783265
18.187019963059754
18.722570968733983
17.91315624783265
18.98460634
17.35227749732883
18.45676472290063
18.187019963059754
18.45676472290063
16.171353884523185
17.634978921916897
17.634978921916897
18.722570968733983
18.45676472290063
16.77236976211133
12.07650836045872
11.199219150240804
14.385381140952656
12.07650836045872
12.07650836045872
13.66
15.734534219665761
10.24522385942406
13.66
15.075312812888637
13.66
13.66
15.734534219665761
14.385381140952656
10.24522385942406
11.199219150240804
12.89306924761547
11.199219150240804
15.734534219665761
12.89306924761547
